2
1
2
1
1
5
4
1
3
1
2
2
1
4
2
1
2
1
2
2
4
4
6
4
8
4
5
4
7
11
11
14
20
21
30
42
55
57
102
128
197
296
341
538
611
750
944
1046
1276
1446
1607
1770
1809
2012
2218
2336
2324
2441
2512
2625
2644
2708
2709
2786
2834
2821
2910
2868
2857
2870
2846
2883
2892
2932
3002
2984
3006
3001
2947
2871
2999
2902
3049
3075
3021
3092
3034
2945
3067
3047
3100
2984
3028
3089
3181
3235
3155
3219
2981
3183
3116
3063
3160
3186
3150
3186
3144
3243
3192
3136
3171
3321
3177
3240
3254
3171
3113
3096
3222
3333
3136
3241
3281
3205
3222
3190
3194
3262
3263
3390
3189
3199
3419
3344
3207
3123
3286
3273
3244
3203
3181
3186
3192
3165
3252
3346
3101
3317
3268
3122
3169
3146
3417
3154
3342
3313
3330
3272
3354
3307
3282
3217
3308
3271
3253
3230
3319
3301
3264
3315
3301
3310
3294
3313
3365
3364
3302
3345
3332
3338
3344
3309
3457
3416
3422
3420
3424
3413
3511
3448
3450
3535
3586
3693
3645
3601
3591
3840
3753
3864
3962
4043
4000
4179
4321
4332
4383
4546
4700
4698
5020
4956
5062
5213
5451
5531
5572
5774
5912
6120
6157
6223
6406
6443
6606
6505
6321
6263
6170
6090
5959
5803
5561
5341
5068
4919
4783
4399
4146
4034
3815
3640
3638
3676
3541
3554
3569
3541
3544
3637
3675
3760
3608
3731
3639
3691
3784
3762
3695
3767
3829
3746
3780
3837
3852
3919
3816
3770
3874
3842
3741
3924
3843
3885
3801
3839
3853
3812
3999
3927
4062
3921
3992
3968
3912
3877
3828
3951
4042
4002
4039
4028
3843
4095
4061
3963
4010
4041
3931
4162
4076
4003
3925
4075
4042
4022
4241
4095
4075
4068
3974
4153
4131
4058
4133
4077
4145
4122
4078
4128
4131
4243
4097
4142
4107
4150
4060
4171
4241
4215
4258
4070
4280
4317
4326
4163
4190
4367
4117
4160
4159
4264
4254
4299
4215
4355
4295
4265
4316
4326
4366
4271
4333
4203
4350
4299
4382
4369
4214
4211
4268
4233
4195
4387
4411
4426
4291
4347
4445
4366
4374
4496
4360
4332
4386
4333
4382
4367
4407
4412
4408
4404
4242
4471
4409
4339
4324
4495
4384
4332
4414
4443
4312
4411
4379
4350
4316
4440
4277
4338
4455
4491
4347
4178
4305
4318
4275
4374
4424
4301
4313
4459
4300
4266
4250
4301
4278
4371
4277
4191
4225
4318
4293
4243
4286
4190
4215
4231
4236
4158
4384
4235
4219
4194
4328
4240
4264
4226
4301
4273
4219
4415
4279
4243
4269
4245
4262
4211
4183
4248
4306
4287
4224
4198
4052
4163
4071
4119
4209
4136
3964
4168
4227
4193
4053
4215
4099
4129
4024
4213
4050
4160
4062
4110
4056
4133
4051
4096
4057
4000
3977
3932
3873
3995
3920
3908
4040
3932
4024
3970
3900
3817
3888
3829
3908
3956
3947
3957
3874
3733
3818
4069
3930
3773
3856
3820
3846
3826
3863
3785
3773
3811
3811
3763
3845
3890
3681
3750
3676
3610
3671
3693
3713
3824
3728
3713
3726
3503
3680
3729
3669
3696
3763
3685
3796
3652
3579
3664
3593
3622
3598
3715
3677
3617
3591
3526
3698
3607
3536
3603
3498
3640
3536
3545
3690
3565
3439
3456
3454
3559
3480
3537
3526
3452
3548
3505
3511
3450
3451
3417
3376
3353
3450
3470
3312
3408
3322
3407
3319
3330
3446
3377
3272
3342
3374
3355
3393
3302
3378
3356
3339
3296
3413
3360
3238
3373
3350
3304
3277
3234
3298
3277
3124
3321
3300
3243
3267
3285
3323
3191
3181
3253
3267
3196
3222
3208
3219
3222
3212
3146
3166
3219
3118
3183
3151
3107
3072
3175
3093
3158
3174
3298
3128
3162
3145
3150
3230
3238
3132
3166
3098
3082
3164
3095
3108
3066
3096
3069
3133
3060
3085
3189
3137
3036
3078
3066
2983
3040
3057
3057
3015
2957
2984
2923
2942
2997
3134
2976
2977
2958
3030
3108
3080
3027
2993
3053
3035
2968
3083
3015
3008
3019
2938
3030
3018
2850
3085
2914
3058
2886
3005
2910
2926
3016
2982
2888
2887
2973
2935
2876
2883
2822
2884
2891
2919
2835
2825
2874
3076
2794
2855
2891
2879
2788
2917
2817
2952
2914
2863
2769
2904
2817
2874
2866
2819
2855
2866
2883
2807
2846
2922
2863
2844
2750
2805
2789
2818
2928
2747
2828
2708
2862
2693
2860
2764
2758
2901
2828
2768
2770
2643
2796
2741
2744
2813
2775
2738
2795
2657
2729
2591
2670
2763
2807
2672
2706
2736
2648
2760
2672
2711
2630
2666
2628
2670
2755
2639
2633
2680
2608
2657
2745
2616
2659
2724
2746
2648
2750
2719
2720
2625
2657
2663
2626
2757
2693
2701
2628
2691
2628
2609
2666
2536
2631
2621
2685
2656
2598
2666
2610
2579
2581
2645
2624
2653
2654
2630
2616
2590
2645
2646
2652
2615
2661
2647
2635
2637
2572
2583
2653
2694
2669
2620
2571
2569
2598
2595
2592
2535
2586
2563
2641
2583
2558
2594
2506
2682
2570
2630
2544
2552
2569
2486
2648
2574
2506
2570
2547
2475
2582
2565
2565
2552
2527
2489
2447
2459
2513
2535
2568
2541
2547
2472
2499
2539
2426
2547
2568
2608
2589
2561
2533
2540
2407
2561
2573
2602
2502
2536
2505
2531
2481
2369
2473
2500
2416
2528
2520
2495
2497
2503
2420
2444
2470
2464
2418
2420
2400
2525
2450
2440
2414
2477
2524
2465
2468
2456
2553
2419
2453
2482
2440
2502
2456
2338
2518
2481
2487
2465
2466
2428
2494
2458
2342
2421
2415
2451
2485
2390
2448
2472
2429
2427
2411
2466
2476
2460
2366
2475
2459
2459
2360
2451
2367
2367
2431
2441
2421
2424
2481
2398
2416
2461
2394
2455
2537
2461
2413
2480
2409
2504
2476
2378
2404
2395
2364
2371
2362
2371
2448
2419
2520
2346
2382
2407
2383
2446
2378
2362
2406
2371
2343
2328
2361
2413
2375
2385
2369
2464
2466
2364
2369
2360
2395
2387
2375
2422
2385
2406
2429
2452
2309
2455
2382
2384
2277
2386
2410
2368
2313
2328
2443
2426
2335
2371
2384
2386
2344
2372
2351
2343
2370
2409
2327
2425
2361
2381
2356
2386
2360
2307
2389
2363
2330
2283
2388
2381
2342
2450
2312
2338
2366
2272
2342
2362
2317
2332
2326
2366
2311
2260
2324
2336
2337
2321
2348
2277
2389
2264
2337
2406
2390
2256
2349
2268
2350
2376
2348
2332
2266
2317
2202
2378
2461
2408
2299
2405
2307
2336
2395
2439
2441
2380
2318
2386
2330
2289
2240
2369
2328
2361
2400
2363
2315
2240
2336
2418
2288
2370
2306
2253
2347
2384
2362
2315
2361
2334
2334
2271
2273
2356
2307
2275
2303
2379
2341
2399
2358
2307
2288
2297
2373
2434
2213
2360
2390
2329
2356
2324
2317
2310
2321
2217
2279
2296
2216
2283
2336
2274
2345
2301
2306
2295
2227
2256
2234
2241
2391
2290
2212
2365
2336
2363
2394
2362
2315
2282
2284
2298
2234
2292
2404
2263
2327
2305
2302
2272
2316
2288
2329
2273
2234
2249
2258
2323
2298
2373
2314
2282
2331
2182
2295
2301
2327
2304
2295
2271
2333
2271
2268
2247
2296
2270
2279
2344
2247
2351
2289
2299
2379
2306
2282
2282
2301
2190
2313
2271
2249
2270
2306
2258
2343
2240
2283
2285
2370
2310
2313
2311
2204
2328
2302
2210
2248
2330
2252
2317
2299
2336
2306
2168
2201
2328
2264
2293
2315
2278
2404
2268
2342
2251
2227
2242
2260
2257
2278
2252
2225
2276
2333
2269
2273
2243
2156
2300
2313
2336
2238
2222
2291
2317
2297
2244
2206
2323
2318
2282
2230
2271
2322
2218
2304
2384
2319
2266
2257
2276
2282
2250
2254
2178
2307
2396
2278
2271
2137
2258
2312
2322
2266
2298
2194
2230
2243
2146
2283
2234
2255
2273
2294
2306
2263
2266
2217
2326
2246
2278
2224
2281
2347
2163
2315
2275
2166
2282
2305
2244
2338
2383
2222
2260
2225
2268
2243
2277
2266
2175
2249
2364
2283
2358
2247
2337
2277
2320
2363
2253
2247
2394
2297
2314
2313
2258
2273
2320
2264
2409
2310
2322
2264
2238
2303
2311
2247
2299
2261
2281
2155
2231
2298
2291
2262
2333
2317
2316
2330
2261
2362
2326
2242
2342
2287
2276
2212
2342
2352
2199
2247
2224
2282
2169
2174
2319
2343
2258
2181
2392
2292
2282
2342
2274
2367
2197
2306
2407
2315
2229
2267
2214
2316
2258
2256
2228
2228
2313
2275
2203
2299
2297
2245
2289
2248
2334
2265
2207
2312
2275
2277
2286
2289
2261
2285
2307
2424
2283
2299
2346
2252
2225
2251
2200
2295
2285
2229
2215
2262
2324
2275
2237
2364
2330
2253
2295
2277
2301
2316
2288
2354
2297
2308
2260
2275
2308
2333
2256
2285
2296
2276
2277
2334
2149
2338
2288
2237
2253
2279
2283
2274
2358
2313
2220
2311
2281
2365
2258
2187
2264
2204
2235
2385
2285
2297
2233
2265
2340
2282
2226
2348
2336
2220
2261
2296
2382
2329
2265
2280
2261
2343
2300
2266
2199
2343
2308
2358
2304
2242
2441
2366
2233
2364
2326
2385
2269
2379
2350
2293
2363
2332
2314
2247
2348
2340
2301
2265
2309
2312
2309
2206
2284
2295
2291
2297
2336
2279
2351
2235
2307
2177
2341
2415
2304
2282
2294
2197
2266
2388
2299
2330
2312
2265
2345
2353
2297
2254
2258
2354
2293
2257
2406
2268
2253
2307
2228
2292
2315
2374
2331
2318
2339
2361
2319
2233
2304
2381
2310
2229
2292
2324
2273
2235
2323
2267
2335
2357
2342
2360
2371
2355
2359
2342
2351
2332
2279
2299
2372
2425
2439
2310
2345
2287
2262
2229
2360
2272
2368
2284
2313
2301
2364
2339
2247
2348
2278
2388
2331
2310
2350
2454
2347
2305
2321
2324
2258
2300
2395
2328
2312
2285
2431
2404
2379
2296
2360
2268
2348
2362
2433
2347
2318
2331
2331
2378
2357
2288
2426
2286
2258
2326
2363
2348
2295
2405
2357
2373
2338
2303
2384
2436
2367
2355
2294
2268
2349
2331
2344
2305
2379
2318
2379
2330
2269
2386
2303
2277
2435
2334
2411
2414
2347
2306
2278
2259
2250
2391
2278
2328
2268
2334
2400
2440
2332
2398
2367
2414
2309
2377
2395
2335
2355
2282
2369
2369
2373
2476
2383
2335
2376
2386
2343
2334
2323
2364
2391
2339
2397
2422
2440
2348
2380
2396
2389
2442
2322
2314
2369
2440
2450
2287
2401
2382
2466
2451
2388
2396
2361
2350
2318
2291
2316
2513
2372
2418
2460
2400
2429
2356
2365
2381
2321
2408
2340
2424
2386
2352
2376
2373
2371
2420
2414
2414
2510
2402
2354
2382
2408
2409
2338
2474
2368
2328
2374
2411
2365
2315
2366
2454
2435
2446
2377
2384
2416
2401
2376
2455
2351
2357
2407
2332
2428
2472
2489
2445
2428
2379
2482
2311
2420
2438
2437
2368
2417
2390
2452
2380
2481
2492
2381
2436
2479
2485
2439
2453
2438
2569
2349
2431
2420
2517
2443
2414
2364
2478
2556
2511
2396
2436
2383
2502
2409
2512
2410
2494
2338
2426
2404
2429
2463
2395
2484
2420
2383
2493
2505
2404
2449
2476
2455
2402
2517
2475
2467
2444
2437
2490
2414
2577
2474
2490
2385
2453
2517
2499
2468
2359
2507
2411
2544
2434
2540
2444
2354
2455
2440
2442
2397
2391
2460
2472
2464
2490
2525
2519
2494
2495
2490
2496
2440
2463
2439
2500
2415
2365
2428
2488
2471
2500
2396
2516
2549
2534
2474
2510
2492
2492
2476
2560
2475
2541
2375
2490
2559
2510
2420
2513
2492
2535
2489
2462
2457
2533
2535
2478
2507
2582
2459
2452
2513
2516
2518
2466
2491
2499
2545
2497
2474
2506
2475
2558
2531
2519
2575
2575
2449
2558
2545
2553
2526
2475
2612
2497
2517
2533
2537
2595
2485
2614
2643
2553
2440
2562
2530
2513
2528
2573
2483
2507
2549
2546
2544
2606
2593
2575
2493
2504
2524
2513
2502
2451
2574
2505
2503
2532
2475
2578
2551
2538
2589
2579
2529
2588
2625
2506
2463
2485
2530
2503
2435
2462
2567
2640
2459
2518
2445
2507
2520
2576
2511
2537
2544
2566
2492
2514
2467
2512
2563
2517
2540
2595
2551
2569
2558
2531
2562
2559
2656
2596
2538
2593
2581
2592
2537
2567
2659
2598
2609
2580
2593
2602
2683
2580
2487
2600
2564
2562
2566
2464
2536
2621
2466
2419
2579
2638
2585
2534
2550
2541
2516
2495
2615
2538
2518
2527
2510
2589
2612
2547
2519
2502
2525
2472
2600
2548
2555
2550
2468
2650
2517
2617
2572
2535
2480
2540
2478
2657
2568
2543
2564
2553
2564
2723
2477
2467
2547
2585
2566
2588
2509
2604
2532
2539
2510
2562
2487
2578
2547
2598
2527
2564
2476
2515
2570
2536
2448
2559
2581
2544
2510
2463
2649
2611
2505
2514
2584
2506
2520
2588
2440
2553
2467
2524
2552
2601
2547
2503
2602
2535
2493
2461
2577
2429
2507
2517
2527
2491
2582
2498
2497
2543
2504
2524
2467
2568
2499
2570
2431
2383
2531
2559
2433
2551
2535
2396
2515
2406
2439
2519
2471
2551
2482
2542
2553
2465
2471
2531
2489
2484
2539
2502
2463
2496
2536
2436
2527
2444
2488
2430
2400
2625
2402
2552
2521
2564
2544
2450
2444
2431
2447
2539
2404
2504
2400
2472
2489
2443
2423
2547
2457
2502
2449
2341
2313
2445
2493
2516
2451
2493
2525
2504
2462
2478
2470
2484
2395
2465
2396
2423
2422
2513
2467
2405
2490
2375
2472
2424
2435
2484
2459
2316
2345
2395
2394
2392
2426
2332
2437
2411
2334
2431
2412
2462
2304
2402
2405
2387
2413
2427
2356
2500
2366
2432
2456
2487
2514
2462
2376
2440
2390
2405
2404
2353
2408
2409
2407
2418
2325
2337
2496
2304
2375
2358
2290
2381
2433
2461
2353
2363
2424
2385
2387
2335
2463
2283
2507
2433
2371
2425
2320
2415
2352
2359
2284
2339
2426
2438
2441
2385
2399
2353
2381
2388
2415
2410
2460
2336
2449
2319
2343
2307
2350
2360
2358
2338
2462
2453
2309
2311
2344
2364
2287
2304
2453
2409
2322
2298
2416
2342
2328
2409
2369
2345
2408
2364
2324
2389
2217
2385
2331
2427
2319
2366
2329
2450
2306
2424
2348
2313
2394
2399
2387
2355
2351
2452
2358
2394
2334
2384
2369
2391
2383
2368
2352
2372
2324
2365
2376
2445
2309
2370
2363
2482
2357
2293
2387
2412
2361
2405
2391
2388
2389
2398
2265
2364
2359
2426
2342
2459
2423
2388
2348
2325
2436
2343
2358
2327
2381
2404
2320
2413
2429
2333
2384
2414
2393
2276
2446
2488
2430
2400
2381
2499
2365
2346
2435
2408
2381
2390
2342
2453
2404
2369
2414
2334
2400
2509
2395
2397
2387
2397
2486
2420
2462
2411
2403
2444
2448
2419
2511
2346
2460
2395
2467
2362
2519
2413
2568
2479
2405
2472
2490
2443
2426
2403
2486
2437
2462
2547
2427
2380
2462
2471
2494
2468
2381
2551
2614
2443
2535
2548
2545
2545
2410
2533
2569
2528
2490
2506
2643
2475
2437
2510
2543
2545
2597
2509
2569
2594
2524
2559
2611
2541
2541
2604
2598
2519
2595
2595
2662
2652
2562
2686
2647
2591
2615
2533
2634
2678
2610
2706
2617
2650
2682
2704
2681
2558
2678
2715
2653
2766
2747
2713
2688
2696
2623
2765
2750
2719
2716
2756
2818
2730
2760
2732
2767
2804
2775
2773
2795
2782
2881
2814
2828
2860
2842
2817
2739
2716
2867
2826
2746
2742
2941
2875
2824
2982
3000
2870
2913
2859
2906
2966
2999
2897
2915
2905
2871
3068
3013
3051
2908
2962
2922
3037
2895
3031
2953
3042
3130
3045
3004
3021
3048
3022
3045
3034
3161
3062
3007
3144
3060
3024
3128
3156
3222
3141
3082
3186
3054
3143
3158
3161
3153
3169
3118
3060
3212
3243
3202
3219
3266
3235
3234
3232
3274
3226
3359
3215
3251
3290
3325
3383
3332
3248
3291
3463
3322
3290
3334
3379
3338
3392
3450
3476
3458
3459
3398
3442
3384
3550
3534
3402
3485
3432
3541
3486
3621
3522
3597
3542
3628
3586
3533
3604
3567
3587
3441
3573
3716
3582
3656
3618
3754
3645
3667
3706
3745
3706
3677
3694
3712
3769
3724
3724
3803
3795
3652
3703
3709
3729
3773
3767
3769
3806
3844
3784
3927
3836
3828
3867
3901
3919
3893
3931
3941
3934
3902
3951
3919
3985
4027
3969
3972
3968
3982
3862
4082
4035
4023
4076
4135
4172
4161
4107
4037
4007
4042
4060
4099
4099
4227
4094
4081
4164
4139
4084
4177
4190
4245
4201
4231
4237
4219
4217
4296
4200
4237
4289
4175
4322
4204
4274
4354
4344
4313
4358
4313
4261
4338
4169
4459
4372
4437
4251
4492
4502
4430
4453
4358
4395
4403
4502
4418
4407
4500
4398
4317
4460
4413
4610
4506
4590
4606
4622
4576
4458
4491
4431
4506
4533
4583
4550
4641
4490
4557
4683
4679
4493
4750
4595
4643
4631
4720
4667
4768
4773
4718
4623
4721
4684
4690
4638
4833
4630
4782
4651
4794
4665
4799
4816
4935
4729
4755
4779
4741
4771
4798
4745
4904
4838
4803
4819
4940
4824
4887
4850
4962
4892
4830
4924
4943
4981
4847
4912
5056
4876
4902
4895
4985
5046
4876
4927
5100
4919
5003
4895
5008
5021
4998
5133
5027
4830
5018
4989
4945
4940
4997
5033
5134
5056
5090
4955
4994
4944
5101
5081
5036
5123
5108
5175
5020
5189
5157
5155
5225
5013
5143
5126
5271
5184
5109
5200
5063
5253
4955
5168
5080
5221
5183
5276
5068
5241
5239
5208
5189
5144
5314
5310
5245
5149
5239
5111
5428
5193
5205
5307
5290
5283
5153
5250
5224
5427
5390
5177
5244
5262
5413
5350
5197
5298
5212
5365
5266
5137
5228
5267
5314
5237
5309
5367
5223
5310
5258
5455
5220
5274
5281
5323
5452
5432
5330
5226
5311
5401
5310
5330
5329
5367
5361
5348
5383
5369
5243
5286
5344
5389
5309
5243
5335
5278
5391
5466
5555
5275
5391
5419
5350
5358
5431
5456
5432
5418
5310
5401
5287
5373
5391
5353
5298
5175
5388
5164
5318
5310
5380
5319
5476
5360
5408
5468
5337
5243
5298
5377
5459
5334
5329
5293
5282
5286
5223
5346
5318
5352
5339
5329
5288
5227
5233
5499
5397
5344
5242
5281
5308
5233
5388
5220
5202
5299
5149
5210
5299
5221
5171
5192
5306
5095
5327
5204
5131
5193
5115
5183
5248
5172
5108
5223
5194
5234
5093
5264
5207
5156
5104
5133
5061
5182
5147
5081
5144
5289
5257
5111
5067
5091
5211
5098
5183
5036
5129
5029
5061
4969
5138
5021
4990
5060
4999
4966
4984
4967
5114
5035
4915
4829
4888
4986
4908
4858
4966
4929
4918
4835
4876
4886
4912
4936
4828
4947
4951
4923
4891
4859
4935
4918
4793
4778
4747
4836
4711
4714
4847
4818
4853
4811
4724
4758
4782
4742
4787
4685
4709
4664
4621
4751
4769
4771
4652
4697
4595
4633
4734
4604
4635
4620
4573
4640
4676
4524
4569
4659
4565
4582
4590
4561
4608
4506
4561
4441
4649
4523
4630
4434
4375
4432
4400
4497
4441
4592
4542
4422
4573
4573
4472
4405
4485
4351
4367
4390
4484
4440
4339
4419
4373
4413
4385
4336
4274
4412
4366
4303
4403
4322
4361
4261
4351
4333
4197
4258
4201
4297
4273
4231
4160
4276
4073
4220
4287
4118
4132
4221
4222
4212
4271
4212
4165
4115
4172
4146
4113
4132
4190
4193
4099
4161
4088
4161
4080
4241
4121
4002
4025
4100
4202
4109
4057
4032
4056
4131
3955
4142
4002
4042
4068
4004
4096
3936
4067
4076
4010
4036
3975
3998
3924
3918
3988
4067
4018
3917
3930
3946
3924
3921
4006
3937
3956
4064
3980
3884
3907
3923
3832
3923
3920
4001
3926
3990
3929
3839
3858
3939
3858
3839
3820
3833
3926
3844
4003
3737
3898
3792
3821
3897
3805
3762
3772
3831
3836
3781
3875
3860
3869
3896
3852
3882
3781
3723
3813
3850
3856
3804
3770
3764
3798
3824
3756
3823
3781
3723
3778
3709
3763
3690
3688
3753
3754
3775
3794
3720
3674
3656
3709
3667
3795
3740
3585
3777
3665
3758
3711
3680
3735
3676
3696
3704
3803
3585
3703
3775
3706
3679
3676
3708
3655
3590
3698
3764
3668
3672
3669
3714
3697
3650
3610
3678
3580
3705
3594
3707
3652
3597
3666
3665
3704
3615
3428
3587
3640
3592
3613
3581
3583
3561
3561
3554
3611
3603
3701
3617
3573
3545
3600
3566
3603
3634
3559
3561
3461
3637
3591
3625
3562
3597
3580
3543
3522
3545
3533
3453
3452
3436
3460
3401
3509
3519
3458
3474
3499
3464
3446
3427
3464
3471
3390
3492
3484
3325
3368
3444
3330
3395
3393
3392
3336
3311
3336
3485
3389
3413
3245
3257
3358
3245
3344
3454
3253
3338
3365
3366
3206
3176
3242
3271
3218
3216
3293
3281
3200
3253
3380
3182
3190
3255
3191
3240
3229
3242
3156
3109
3123
3138
3166
3124
3190
2975
3169
3071
3137
3019
2948
2978
3006
3138
3098
3066
3108
2926
3106
2965
2957
3018
2975
2932
3029
3003
2865
2899
2979
3019
2823
2928
2805
2947
2767
2829
2901
2844
2895
2805
2859
2890
2821
2874
2760
2786
2832
2724
2800
2776
2741
2787
2755
2748
2756
2728
2714
2693
2587
2639
2606
2661
2618
2566
2554
2600
2634
2547
2555
2591
2607
2551
2613
2622
2494
2523
2496
2556
2482
2514
2435
2427
2446
2384
2477
2428
2334
2421
2380
2343
2367
2375
2253
2268
2307
2348
2228
2241
2305
2286
2206
2290
2267
2290
2206
2281
2222
2220
2144
2210
2135
2165
2081
2062
2146
2104
2048
2179
2108
2084
2037
2093
2030
2078
2021
1952
2069
2117
1902
1914
1974
1924
1897
1980
1870
1883
1900
1874
1891
1918
1877
1867
1828
1809
1849
1796
1756
1812
1827
1708
1719
1766
1771
1775
1757
1718
1737
1703
1686
1695
1701
1652
1720
1630
1578
1553
1544
1605
1664
1526
1560
1648
1573
1552
1580
1551
1572
1516
1520
1499
1533
1540
1512
1514
1475
1399
1483
1483
1343
1423
1383
1360
1505
1361
1385
1415
1318
1298
1349
1341
1336
1351
1280
1308
1382
1313
1260
1317
1305
1299
1267
1286
1256
1209
1252
1182
1181
1185
1191
1197
1216
1199
1123
1206
1196
1164
1181
1079
1056
1197
1096
1121
1142
1107
1143
1070
1124
1101
1047
1082
1090
1057
1031
1024
1036
1038
1050
1096
1047
984
1048
996
1047
1005
1044
1020
959
901
946
1009
990
912
963
871
982
943
959
863
980
883
906
915
932
907
885
819
885
857
866
950
872
885
893
873
879
853
815
816
825
860
837
855
794
818
822
845
765
814
807
789
755
787
824
772
776
761
761
740
727
767
776
762
786
763
733
801
791
774
774
782
759
744
735
730
739
701
711
737
755
706
704
702
681
710
716
687
704
688
652
701
675
688
673
703
701
670
651
699
668
651
693
698
684
703
662
645
692
642
633
622
674
649
665
676
626
617
620
681
669
665
608
621
645
621
627
665
615
601
630
604
620
617
628
628
614
609
628
639
624
573
574
556
599
608
576
609
631
597
574
602
634
607
623
605
589
615
599
563
593
599
592
567
583
593
562
607
571
556
604
584
574
549
583
530
536
550
598
552
560
564
576
604
589
513
556
535
545
566
550
522
530
539
557
564
576
565
540
600
542
510
528
544
539
575
533
531
525
517
562
549
528
540
533
544
536
536
525
497
578
535
538
528
545
538
526
521
548
548
509
531
554
536
565
512
517
515
552
560
473
495
572
478
520
533
525
502
545
506
524
537
536
553
491
528
547
544
461
538
505
532
567
507
567
493
508
519
510
523
506
509
481
453
510
491
500
497
527
509
485
520
490
490
520
487
492
485
518
500
469
513
488
477
506
508
500
459
498
531
524
492
492
518
513
518
499
515
494
499
507
506
478
511
520
517
494
499
473
499
503
531
520
553
522
507
501
498
491
488
482
470
502
498
481
532
464
479
495
483
489
499
469
488
459
491
509
489
460
467
529
492
484
475
491
443
496
458
474
494
472
473
496
526
491
476
454
497
468
447
480
434
462
537
504
475
436
503
465
475
441
478
483
443
438
495
483
451
479
481
488
461
470
469
466
460
462
448
448
477
460
480
465
461
455
439
407
490
471
481
468
437
475
432
429
453
470
453
429
473
475
478
474
442
433
412
473
454
463
429
434
459
459
469
412
399
476
426
433
425
446
406
432
450
472
441
406
502
449
467
402
451
474
420
433
469
457
440
452
410
460
452
488
450
433
430
443
388
411
406
444
408
420
438
449
420
425
446
422
465
445
440
420
418
437
438
439
438
436
428
426
438
397
433
425
398
454
434
442
401
410
456
418
456
421
432
393
434
448
415
430
410
451
426
427
436
431
418
421
414
432
417
414
393
453
427
416
437
409
421
442
410
425
433
373
415
411
417
420
399
414
432
413
435
408
401
392
409
383
398
385
439
415
419
444
404
399
382
392
404
365
406
411
422
399
364
423
360
390
377
378
406
383
417
411
398
376
385
390
410
400
415
394
391
367
419
395
370
421
375
389
379
373
398
358
357
390
383
363
386
368
417
386
387
392
393
372
386
388
365
380
361
370
396
391
373
398
355
403
397
345
409
367
383
356
367
411
335
351
393
350
368
346
417
378
380
395
353
391
355
403
358
384
369
420
403
389
386
399
368
318
381
373
365
396
348
394
363
366
341
382
354
370
377
368
334
324
363
383
377
373
383
362
336
388
354
345
376
341
372
357
355
347
373
349
310
362
374
366
380
369
389
355
337
353
357
351
351
344
368
348
351
354
375
352
401
349
355
347
334
334
339
333
347
349
348
348
319
383
352
353
351
367
358
322
365
356
341
335
351
325
376
322
342
356
327
322
343
330
358
380
303
361
327
355
319
360
346
359
340
307
320
357
368
333
360
333
351
346
381
340
301
370
315
339
345
368
327
352
324
345
342
336
355
324
340
315
338
341
317
331
329
337
340
361
331
324
314
364
335
338
368
329
337
341
358
342
304
358
304
329
321
348
344
284
316
332
327
312
321
351
377
300
323
346
312
296
335
339
344
315
323
353
318
328
308
312
340
341
308
331
325
324
325
325
315
332
321
323
319
316
350
313
311
328
312
338
333
324
329
336
320
325
340
334
328
305
332
282
309
356
322
334
311
319
309
319
276
295
326
311
334
313
312
311
284
346
331
309
347
345
320
314
353
291
323
294
306
320
324
346
316
323
302
283
317
358
327
317
319
286
312
300
314
327
336
291
357
291
327
285
298
297
297
317
302
303
288
315
304
339
272
304
306
315
282
312
301
322
325
291
312
295
333
354
261
293
288
318
323
297
256
302
293
316
320
305
312
289
295
330
311
316
311
278
295
305
269
319
309
301
307
298
275
286
321
302
333
282
304
292
289
322
306
279
305
292
318
299
300
294
309
308
289
313
296
317
293
299
333
277
314
281
317
297
262
282
311
327
306
314
278
318
329
323
298
303
281
273
283
333
265
311
324
295
308
289
277
345
274
294
281
329
302
337
281
277
286
314
310
283
280
315
269
301
297
289
295
284
300
276
320
271
311
299
268
314
279
279
305
271
297
280
299
282
304
277
316
306
311
289
266
296
277
308
269
319
283
259
285
281
294
278
323
262
294
293
303
258
281
266
270
284
310
272
268
308
308
266
279
309
271
294
265
305
278
267
290
256
297
276
285
280
262
267
277
294
265
302
255
281
297
313
305
281
311
268
269
277
263
274
258
305
284
254
283
300
287
288
309
283
299
294
277
280
235
289
263
297
281
288
273
299
315
288
292
275
307
261
270
286
274
294
292
271
273
298
293
278
337
278
263
276
281
298
268
290
246
260
285
303
266
283
257
249
250
291
272
250
240
279
285
269
271
320
278
285
269
265
296
267
235
263
266
261
246
274
290
284
278
280
282
271
292
275
278
285
272
255
267
270
245
259
270
280
276
284
291
269
277
265
275
282
271
244
238
285
242
256
259
277
275
289
310
272
303
286
278
286
250
278
263
274
272
245
297
264
272
275
241
248
267
259
236
251
273
277
296
261
261
257
285
260
274
293
258
266
319
236
262
265
266
286
281
301
297
287
306
242
283
249
265
304
231
246
267
271
292
270
266
265
279
279
267
272
264
280
307
274
262
253
249
272
258
259
281
301
288
267
252
321
251
254
282
279
276
279
247
269
283
256
249
247
269
243
281
266
301
246
266
251
259
250
259
270
244
268
248
279
291
281
263
281
262
245
261
262
274
255
242
258
281
256
289
280
279
263
259
257
278
273
234
244
258
241
264
260
247
273
290
272
247
298
278
275
282
275
252
245
262
287
250
259
262
244
277
282
273
270
278
262
267
283
272
269
263
252
275
280
285
255
272
232
257
245
250
261
259
258
269
258
259
250
258
268
265
252
219
251
245
262
253
264
262
275
240
258
266
262
264
265
273
234
271
246
240
279
254
246
238
254
260
262
238
266
247
285
255
241
269
266
279
251
255
281
274
286
243
276
273
255
236
253
255
260
239
255
240
231
250
237
250
266
280
259
273
277
237
261
268
260
274
231
248
267
251
260
247
245
253
263
241
228
283
279
264
250
263
250
238
234
263
240
213
260
241
264
276
251
227
235
290
250
269
259
290
247
261
266
257
240
257
254
251
237
235
250
263
242
261
253
254
237
284
259
269
232
235
235
236
257
263
272
254
237
226
283
245
244
255
286
258
232
250
233
271
251
239
254
252
247
251
244
273
238
266
243
255
248
225
259
225
263
242
215
255
260
235
253
259
225
247
231
248
239
247
274
238
249
250
228
260
275
264
238
257
257
233
247
223
233
238
234
266
259
241
209
272
262
243
241
269
248
250
241
237
226
235
252
221
262
263
264
227
244
229
240
229
225
264
245
251
248
230
239
244
224
272
246
273
252
281
261
244
260
253
261
266
247
245
231
243
239
251
241
266
230
229
260
244
250
248
278
236
254
257
227
252
244
272
238
213
253
240
270
249
256
225
254
249
219
239
243
236
238
232
253
226
235
243
240
201
224
239
262
247
237
244
244
243
230
247
230
210
240
232
222
225
263
252
231
222
238
244
255
257
257
226
242
268
240
251
233
237
242
252
243
246
248
247
251
222
243
240
252
209
248
279
225
249
227
250
238
219
239
245
237
221
238
251
247
219
257
245
249
221
240
211
261
227
236
238
203
254
238
245
224
236
231
232
220
233
230
231
232
245
246
222
237
231
250
212
236
210
228
222
240
241
249
249
243
243
233
253
231
229
236
211
227
217
219
218
238
223
240
251
236
244
239
241
232
239
254
241
221
223
211
234
220
236
248
227
243
231
230
244
215
256
222
210
277
221
226
226
227
252
237
219
255
234
218
233
258
203
215
221
270
238
226
244
230
202
239
210
237
233
223
227
217
240
204
233
213
240
218
235
223
214
226
235
238
247
199
236
216
208
229
229
256
236
246
209
261
200
220
240
231
218
227
200
256
204
239
206
220
268
223
229
214
210
231
233
234
209
237
236
225
235
224
240
226
225
240
212
208
228
232
204
212
203
228
220
223
239
209
209
204
210
246
208
207
241
235
205
211
199
202
232
211
224
215
245
235
201
206
237
207
230
193
236
195
257
252
209
226
225
196
226
195
219
201
221
226
217
216
216
226
217
231
216
195
209
181
228
211
230
204
201
229
220
192
194
217
212
200
216
207
201
229
235
196
212
205
225
215
201
232
203
220
205
199
237
213
229
211
188
209
204
197
197
190
228
214
210
216
227
232
200
223
220
204
205
215
193
200
244
217
212
213
196
242
209
202
201
186
206
210
192
183
210
189
226
199
193
212
215
192
200
213
208
216
202
203
206
209
223
180
211
208
199
189
205
200
225
204
196
216
208
219
210
185
206
197
233
199
204
207
211
197
193
201
213
218
196
203
187
213
203
195
242
209
208
210
205
182
220
219
225
194
191
213
224
217
189
212
184
191
206
196
210
209
210
208
195
172
180
214
217
184
201
211
208
202
190
211
197
185
187
191
204
186
191
185
200
208
203
215
193
193
197
189
188
191
205
183
199
191
185
195
205
189
216
220
229
194
186
190
192
191
190
230
197
185
199
218
207
233
231
196
193
194
216
192
200
188
200
185
204
232
202
210
201
240
198
194
189
209
218
204
189
180
202
178
205
194
189
207
226
197
199
205
208
182
179
184
193
201
200
203
212
168
181
204
240
208
197
206
200
185
183
226
181
179
207
195
193
160
188
224
203
196
213
189
224
213
213
205
195
200
191
169
182
197
191
201
166
204
171
181
212
171
215
168
219
223
213
197
230
229
206
202
192
204
202
192
188
200
186
182
184
227
196
194
201
203
166
197
199
200
177
170
188
184
186
191
185
187
187
204
212
194
207
219
206
199
194
191
193
189
177
194
182
173
209
226
172
214
179
201
180
201
183
223
213
199
216
181
178
217
187
198
206
206
188
199
220
206
195
180
199
207
188
198
199
198
203
192
194
179
207
225
190
192
217
195
197
225
192
204
192
213
175
207
180
190
196
191
195
218
182
206
197
205
198
208
194
189
208
210
222
199
201
218
250
198
185
205
214
194
218
193
214
185
203
199
205
184
219
206
172
213
204
189
207
213
211
221
191
185
229
238
198
197
189
216
201
198
183
199
205
212
197
217
184
214
203
198
210
219
205
220
205
199
190
220
216
225
209
222
203
225
186
216
191
239
213
216
228
185
190
179
231
220
202
210
195
184
219
233
195
198
204
220
213
204
206
219
220
207
217
262
238
222
217
215
237
213
247
224
253
247
186
194
219
228
213
195
197
224
206
223
233
219
195
218
233
243
208
210
222
211
224
218
240
230
221
236
205
203
196
238
203
234
210
210
225
240
211
245
209
205
250
231
232
203
228
226
248
247
209
220
207
226
214
208
210
244
258
254
236
241
211
226
223
230
216
218
210
245
214
223
253
212
241
251
214
212
235
205
226
221
238
229
240
228
240
221
240
215
230
258
238
250
228
208
234
208
238
211
256
239
237
288
212
249
195
224
221
233
254
239
239
228
251
245
234
219
235
229
225
221
257
243
249
211
222
220
234
252
237
235
249
229
221
224
242
238
226
239
236
240
209
234
211
237
232
220
248
242
257
246
221
238
241
235
251
222
214
252
255
237
205
244
222
242
239
220
238
216
209
226
244
227
244
235
238
233
222
215
248
234
212
220
223
238
233
231
213
256
233
260
226
218
247
218
218
245
242
237
251
244
234
202
252
232
232
260
223
213
255
241
222
247
237
268
225
241
259
239
234
224
219
227
227
240
253
242
242
232
249
217
231
230
194
228
220
212
241
248
232
247
257
230
203
256
246
253
241
208
236
237
234
226
231
249
229
214
223
251
217
225
207
227
222
201
237
222
208
231
235
216
231
256
218
217
234
225
238
225
232
238
219
230
225
242
237
264
234
246
217
244
198
216
225
228
215
237
218
222
236
219
215
228
221
243
229
207
236
226
229
231
220
211
232
210
214
199
222
206
211
188
212
230
240
220
231
214
212
234
204
229
218
224
212
210
212
235
222
217
199
198
236
235
222
228
206
238
185
207
221
207
192
204
218
198
196
196
201
193
188
211
200
213
177
220
209
206
216
177
207
207
213
195
175
185
212
215
213
245
207
215
184
206
202
177
213
211
187
193
190
181
184
185
192
180
193
191
189
207
205
215
211
187
195
201
170
210
204
197
196
183
196
181
181
207
207
195
190
199
184
205
170
193
199
177
177
192
185
168
188
164
193
178
169
191
194
184
171
184
193
189
173
189
156
196
143
149
169
197
173
188
155
175
157
180
194
185
160
166
195
175
178
182
179
178
176
158
179
156
176
163
158
183
126
171
155
155
150
160
174
165
168
166
147
149
155
178
158
159
149
165
151
180
178
152
165
153
166
153
146
154
160
134
136
144
142
157
144
121
132
130
169
141
140
156
159
154
136
151
147
166
127
130
126
128
145
145
144
137
123
148
117
147
147
128
115
142
130
133
143
128
130
129
117
129
155
128
122
123
162
109
109
125
129
98
116
124
151
124
132
118
134
132
127
116
125
125
132
119
133
108
124
128
121
131
111
120
100
110
110
106
96
110
104
147
104
120
102
114
92
115
107
99
91
104
89
124
103
108
116
104
123
107
97
114
97
99
112
113
93
76
105
118
96
99
102
94
85
117
107
86
94
104
102
93
94
91
103
102
82
84
105
92
106
92
91
92
97
97
89
72
98
97
103
89
96
86
77
84
78
85
89
77
81
89
77
60
73
86
84
70
55
88
86
72
74
82
68
55
66
77
82
78
67
73
62
76
80
86
66
72
73
79
74
62
70
76
64
67
69
67
55
68
54
51
71
74
59
77
58
59
73
58
51
71
76
58
69
52
63
54
72
60
49
67
72
63
79
51
66
42
54
52
60
46
57
57
48
72
69
57
58
46
51
50
66
53
67
47
49
47
62
57
51
46
55
46
37
41
52
65
47
59
49
53
43
44
47
44
43
53
42
44
44
44
45
41
41
47
26
48
45
61
52
43
48
48
38
52
42
40
46
40
47
49
46
37
37
37
36
47
40
34
44
40
35
36
41
31
33
37
29
43
38
41
22
44
36
27
32
39
45
32
34
49
40
41
35
32
33
37
34
27
34
33
42
42
39
38
28
32
34
32
29
32
30
29
33
38
35
29
35
31
38
26
24
30
31
34
27
36
31
33
35
30
21
36
32
39
32
29
32
18
26
24
18
32
27
25
34
23
31
26
32
26
23
33
35
19
30
22
30
24
24
35
27
21
22
27
26
22
31
30
28
15
28
17
24
32
20
34
23
18
20
19
27
21
26
22
32
35
19
27
24
21
20
19
21
22
22
23
23
18
20
19
23
15
19
21
20
21
25
15
22
28
20
26
20
19
23
24
24
23
20
23
21
22
19
20
26
16
25
18
16
24
28
19
21
18
15
28
21
15
27
16
15
15
13
22
26
21
19
20
26
18
19
18
25
11
15
18
24
13
14
21
16
12
26
23
18
17
20
11
19
19
22
19
23
19
21
18
18
22
14
19
15
20
14
17
17
22
13
21
21
14
23
24
23
14
12
12
17
21
17
16
16
14
19
17
18
24
17
22
18
16
19
16
10
18
16
13
15
21
13
16
15
17
16
19
23
17
20
12
17
14
16
13
10
17
12
22
16
19
10
18
13
19
15
22
11
15
15
27
17
21
22
14
13
13
18
18
19
11
16
23
20
10
20
23
14
16
12
19
14
22
21
9
20
10
18
15
8
15
22
14
17
18
19
15
14
15
16
15
9
18
16
22
17
14
17
19
11
13
19
8
15
9
19
14
19
16
19
18
13
21
13
13
18
22
13
19
15
11
21
19
14
10
18
18
13
22
14
16
14
12
13
12
16
16
16
18
11
13
18
17
16
11
20
8
12
16
22
13
6
20
16
15
15
19
15
13
13
21
12
8
11
8
9
13
18
14
12
17
16
9
13
13
13
18
11
18
9
18
15
14
11
10
14
13
10
10
14
17
11
14
19
12
17
15
15
9
15
9
14
13
14
8
13
12
18
6
16
13
19
22
15
5
10
19
17
14
15
14
14
13
21
16
14
20
18
14
12
14
15
14
19
11
11
14
5
23
13
14
13
14
10
19
11
12
13
16
13
10
16
14
8
8
17
17
17
6
7
13
15
9
20
12
10
14
12
7
17
14
12
15
9
11
10
10
16
16
14
10
10
16
15
12
13
14
12
12
15
10
18
16
16
15
11
12
9
14
18
15
15
11
13
22
12
6
19
7
9
11
6
10
13
9
12
18
14
14
7
5
15
7
13
12
16
10
14
15
10
6
14
7
14
11
12
7
19
14
7
14
8
9
14
6
13
5
13
11
23
14
16
18
11
8
6
5
9
17
6
14
15
8
12
16
18
6
13
17
12
9
4
9
12
10
9
16
7
12
14
19
15
11
17
15
8
5
8
18
17
8
17
9
8
8
6
5
9
10
7
11
12
8
13
10
7
13
10
6
12
9
13
11
7
10
13
13
16
6
17
1
7
9
6
12
15
7
14
12
11
8
20
14
12
10
13
3
15
7
7
9
13
11
14
7
11
11
9
9
5
10
10
5
14
8
10
8
11
9
12
5
10
9
15
10
10
13
12
8
8
6
13
13
8
5
12
12
9
9
12
11
7
9
8
9
6
8
5
11
16
10
11
5
11
14
14
11
8
12
7
12
11
9
5
11
11
9
7
11
11
12
11
7
6
10
12
11
7
9
9
14
8
5
10
10
10
20
12
8
9
8
8
8
5
4
9
10
7
11
8
8
10
11
9
7
15
10
8
8
11
11
7
8
11
9
5
9
14
9
5
9
15
10
11
13
14
10
13
8
8
7
10
15
6
11
11
9
7
11
12
6
10
11
4
9
6
11
13
12
5
10
8
8
7
7
9
1
8
4
7
5
14
3
9
4
12
11
9
6
9
6
14
10
6
6
12
5
8
6
16
9
9
5
6
13
10
13
9
11
7
7
9
8
11
8
11
8
10
15
14
7
9
15
7
8
8
15
12
7
5
6
6
9
11
11
10
12
6
9
7
6
10
5
9
11
4
11
6
9
4
11
4
12
8
15
12
3
6
4
12
16
2
14
9
8
9
6
10
11
9
7
5
9
6
9
6
10
7
13
6
7
8
5
3
6
13
10
11
9
5
6
8
13
5
6
6
9
8
7
5
9
9
4
3
7
4
6
6
9
10
8
6
8
6
3
9
8
11
12
2
10
11
7
6
13
10
8
9
9
4
15
4
5
3
5
8
6
10
11
4
4
4
10
6
5
8
10
6
5
8
12
9
13
5
7
8
10
10
7
9
3
10
5
8
6
6
8
8
5
7
8
7
6
7
14
5
5
9
6
14
6
7
6
3
9
12
6
6
6
8
5
13
7
9
11
7
6
5
11
8
10
9
5
3
3
10
10
9
9
6
7
3
8
5
10
9
5
11
10
8
11
9
10
7
8
10
2
6
6
12
3
3
8
6
3
12
