0
0
0
0
0
0
0
0
0
0
0
1
1
2
5
8
18
10
28
29
45
28
62
73
84
92
125
152
212
365
719
1434
2523
3551
4413
4907
5145
5170
5302
4959
4921
4799
4507
4525
4215
3894
3656
3473
3788
5113
10052
20566
34426
45130
49346
49764
49110
48686
48226
47427
46274
45349
44540
43644
42281
40777
39705
38781
37309
35747
34632
33345
32127
31046
30090
28820
27879
26998
25883
25023
24262
23438
23039
22360
21886
21518
21017
20743
20576
20273
20217
19721
19727
19417
19613
19382
19279
19613
19427
19224
19223
19212
19052
19137
18959
19148
18917
18975
18728
19021
18938
18846
18815
18630
18736
18453
18447
18485
18326
18375
18089
18399
17961
17912
17838
17952
17819
17715
17554
17721
17409
17332
17293
17345
17357
17175
17175
17286
17268
17223
16894
17127
17028
16608
16854
16967
16739
16721
16346
16528
16675
16559
16378
16722
16281
16362
16446
16424
16247
16158
16237
16191
16134
16196
16268
15785
16022
16030
16002
15995
15815
15897
15743
15725
15708
15676
15689
15669
15869
15702
15647
15446
15508
15387
15506
15381
15353
15312
15110
15225
14887
14880
15067
14988
14812
14787
14584
14481
14938
14469
14499
14210
14185
14195
13956
14018
13769
13694
13629
13710
13646
13347
13167
13476
13357
13168
13207
13205
13203
13122
13104
13284
13304
12945
13356
13347
13520
13659
13477
13844
13753
13840
14155
14088
14058
14199
14447
14439
14510
14498
14610
14723
14670
14764
14473
14482
14582
14362
14128
13998
13633
13635
13332
13096
12769
12256
12135
11693
11299
11084
10378
9894
9554
9123
8533
8305
7914
7193
6768
6370
6010
5760
5196
5009
4578
4356
4045
3715
3515
3281
3004
2796
2571
2460
2283
2141
1950
1948
1714
1670
1569
1549
1486
1380
1341
1283
1267
1191
1153
1127
1141
1100
1055
1024
986
986
936
944
884
879
872
820
777
816
808
789
753
757
774
754
727
659
686
680
651
670
663
637
651
614
600
605
598
606
557
538
558
515
530
566
511
532
507
510
500
510
458
503
484
472
490
488
476
430
452
433
453
438
442
458
412
418
399
431
399
411
407
374
382
363
419
403
372
348
357
344
357
324
304
327
318
315
310
297
304
317
300
274
257
277
285
275
313
317
297
269
267
273
283
267
262
264
236
228
221
240
228
249
239
222
222
209
222
206
207
226
205
203
184
195
214
213
181
197
188
171
191
173
194
178
185
170
179
171
165
164
159
175
161
155
180
157
151
149
161
152
133
160
136
134
143
130
128
136
127
120
122
144
126
115
121
108
116
117
120
115
111
102
95
108
114
75
72
77
97
76
104
80
76
82
78
67
85
77
60
72
69
74
65
58
69
52
46
70
63
61
59
52
58
55
58
43
45
47
49
39
37
40
34
45
40
40
32
48
41
34
35
41
28
37
28
41
36
39
34
33
30
38
30
36
17
43
36
34
29
30
30
25
34
34
23
21
24
25
25
23
30
31
26
28
22
18
22
29
23
18
31
31
23
30
18
29
16
20
17
23
21
16
18
21
18
16
10
16
29
20
11
10
17
19
20
11
14
9
8
11
19
17
10
18
18
13
11
9
20
12
15
16
14
13
13
11
8
7
7
18
16
14
5
11
8
12
13
8
10
6
8
8
11
9
6
3
9
6
5
5
7
10
8
7
8
6
3
8
6
6
6
4
6
6
1
3
8
2
6
5
7
6
2
12
4
6
4
4
1
2
5
3
3
3
3
6
9
4
2
4
5
4
3
2
2
6
1
5
3
5
2
2
0
4
6
2
3
2
3
3
2
2
1
2
4
3
3
1
2
2
0
1
2
2
1
3
4
2
2
1
6
1
4
1
3
3
1
3
2
2
1
3
0
2
1
1
1
0
0
1
2
0
1
0
4
0
2
1
0
1
2
0
1
4
4
0
0
1
1
0
0
1
0
2
2
2
2
1
2
3
3
4
0
2
2
1
0
2
2
2
2
2
0
0
3
1
0
1
4
1
1
3
0
1
1
0
3
1
1
2
1
2
0
1
0
0
0
0
0
1
0
1
0
0
1
0
0
0
0
2
0
0
2
2
1
2
0
0
1
1
0
1
2
0
1
0
3
1
1
0
3
2
1
1
0
1
0
0
0
1
1
1
0
3
0
1
0
0
0
2
2
0
0
0
0
0
0
0
1
1
1
1
0
0
0
1
0
1
3
2
0
2
0
2
2
1
2
1
0
0
0
0
1
0
1
0
0
1
1
1
1
0
2
0
1
0
0
0
1
2
1
1
2
0
0
3
0
0
0
0
2
0
0
1
0
0
1
0
2
0
0
1
0
0
0
0
0
2
1
0
0
2
0
1
0
2
1
1
0
0
1
1
1
1
0
0
0
1
1
0
0
0
1
0
1
3
0
1
1
1
0
0
0
0
0
1
1
1
1
0
0
0
0
0
4
1
0
0
0
1
1
0
0
2
0
0
1
0
0
1
0
0
0
0
0
0
0
2
1
1
1
2
2
0
2
1
0
0
1
0
1
0
0
0
0
0
0
0
0
1
1
1
2
0
0
1
0
0
0
0
1
1
0
0
0
1
0
1
0
0
1
1
1
0
0
0
0
0
0
0
0
1
1
2
0
0
2
0
0
1
2
0
1
0
1
0
0
0
0
1
0
1
1
0
1
2
0
1
1
0
2
0
0
1
0
3
0
0
0
0
0
1
1
1
0
1
0
1
1
1
0
1
1
0
1
0
1
0
1
0
2
1
0
0
0
1
0
0
0
0
1
0
0
2
0
1
0
0
2
0
0
0
1
0
0
0
0
1
0
1
1
1
0
1
0
1
0
1
0
0
1
1
1
1
0
1
1
0
1
0
0
1
0
1
2
4
1
0
0
0
1
1
0
0
0
0
1
2
0
1
0
1
0
2
1
0
0
0
0
0
1
2
0
0
1
0
1
0
0
0
3
0
0
0
0
0
0
1
1
0
0
1
2
1
0
1
1
0
2
0
1
0
1
0
0
0
1
1
2
1
0
0
1
0
0
0
1
1
1
0
0
0
0
1
1
0
0
0
0
0
1
0
3
1
0
0
0
0
1
3
0
0
1
1
1
1
0
0
0
1
2
0
1
1
0
1
0
0
0
0
0
0
0
0
0
0
0
0
0
1
2
2
0
1
1
0
0
1
0
1
1
1
1
0
0
0
0
1
0
0
0
1
0
0
1
1
0
0
1
1
1
1
1
0
0
1
0
1
0
1
0
0
1
0
0
1
0
0
1
0
0
0
0
1
0
1
1
1
0
1
0
1
0
0
1
0
1
1
0
0
0
0
0
1
0
0
0
0
0
1
0
1
0
1
1
0
1
0
1
1
0
0
0
0
0
3
0
0
0
3
0
2
0
0
1
1
0
1
1
1
1
0
0
1
0
0
0
0
0
0
0
1
1
0
1
0
1
1
0
1
0
0
1
1
1
1
0
0
0
0
2
0
1
1
1
2
1
2
1
1
1
0
1
0
0
1
0
1
0
1
0
0
0
0
0
1
0
0
0
1
0
0
2
1
0
1
0
0
1
0
0
2
1
0
2
0
0
0
0
0
1
0
0
0
1
1
0
0
1
1
0
1
0
0
0
1
0
1
1
2
0
0
0
0
2
0
0
0
1
0
0
0
1
0
1
0
0
0
0
0
1
0
0
2
3
0
2
0
2
0
0
0
0
0
1
1
1
0
0
0
0
1
1
0
0
1
1
0
0
1
0
0
1
0
0
2
1
1
2
0
1
0
0
0
0
1
0
0
0
2
1
0
0
1
0
0
0
1
1
0
2
0
0
0
1
1
1
0
0
1
0
0
1
0
1
0
0
1
1
0
0
0
0
0
0
0
1
0
0
0
1
0
2
0
0
2
0
1
0
0
0
0
0
0
0
1
1
1
0
1
1
0
0
1
0
0
1
1
0
0
1
0
0
2
0
0
2
1
0
0
0
0
0
1
0
1
2
0
0
1
0
0
0
1
1
0
0
2
0
0
0
1
0
0
0
0
1
1
0
0
0
1
0
0
0
1
0
0
0
1
0
0
0
0
0
0
1
2
1
0
0
0
0
0
1
1
0
0
0
1
0
0
0
0
0
1
0
0
0
0
1
0
1
0
0
0
0
0
0
0
0
1
0
0
0
0
0
0
0
1
2
0
3
0
0
2
0
0
0
0
0
0
1
0
0
0
1
1
1
1
0
0
0
1
0
1
1
0
0
0
0
1
0
1
2
0
0
0
0
0
0
0
0
0
0
0
0
3
1
0
1
2
2
0
1
2
0
0
0
0
1
0
0
0
1
0
0
1
0
0
0
0
0
1
0
0
0
1
1
2
0
0
0
1
0
0
0
0
0
1
1
0
0
0
1
0
0
0
0
0
0
1
1
0
0
0
0
0
0
0
0
2
0
0
0
0
0
0
0
0
0
0
0
0
0
0
0
0
0
0
0
0
1
0
0
0
0
0
2
0
0
0
0
0
1
0
1
2
0
0
0
0
4
0
1
1
1
0
0
0
0
1
0
0
0
0
0
0
0
1
0
0
2
0
1
0
1
0
0
1
0
0
0
0
0
0
1
0
0
0
1
0
0
0
0
1
0
0
0
0
0
0
1
0
0
2
0
0
3
1
1
1
0
0
0
0
2
1
1
0
0
1
0
0
0
0
0
0
0
0
1
0
0
2
1
1
0
0
2
1
0
0
0
0
1
0
0
1
2
0
1
1
1
0
0
2
0
3
1
0
0
0
2
0
1
1
0
1
0
1
0
2
0
1
1
0
0
1
0
2
1
0
1
1
1
0
0
1
0
1
0
1
0
0
0
0
0
1
0
0
0
0
0
0
1
0
0
0
1
1
0
1
1
0
0
0
1
0
0
0
0
0
1
1
0
0
0
0
1
0
0
1
1
0
2
0
0
2
0
0
0
0
0
0
0
0
0
0
1
0
0
1
0
3
1
0
2
0
0
1
0
0
2
0
1
0
0
0
0
1
0
0
0
0
1
0
1
0
1
0
0
1
1
0
0
0
0
0
1
0
1
0
3
0
0
1
0
0
0
1
0
1
0
1
0
0
0
0
0
0
1
0
2
1
0
0
1
2
0
0
0
1
0
0
0
0
0
3
0
0
0
1
0
1
1
1
0
0
0
0
0
1
1
2
1
0
0
0
0
0
1
0
1
0
0
1
0
0
0
0
1
1
0
0
0
0
0
2
0
1
1
0
0
0
0
0
0
1
0
2
2
0
0
0
0
0
0
0
0
0
0
0
2
0
0
0
0
0
0
0
0
0
1
0
1
0
1
0
1
0
1
0
1
0
1
2
0
0
1
1
0
0
1
1
0
0
0
0
0
0
1
0
1
0
1
0
1
0
0
1
2
1
2
0
1
0
1
0
0
1
1
0
0
0
3
0
0
0
0
0
3
0
0
2
1
1
0
0
0
0
1
0
0
0
2
0
0
0
1
2
1
0
0
3
0
1
0
0
1
1
0
0
1
1
0
0
0
1
0
0
0
0
1
1
0
0
1
0
0
0
0
1
0
0
0
0
0
0
1
0
0
1
0
0
1
0
1
1
0
0
1
0
0
2
0
0
0
0
1
2
0
0
0
1
0
1
2
1
1
0
0
0
0
0
1
0
3
1
3
0
0
1
1
1
0
1
0
1
0
1
0
0
0
0
0
0
1
1
1
2
0
0
1
0
0
0
0
0
0
1
0
0
0
0
0
0
0
0
0
1
0
1
1
1
0
1
0
0
0
1
0
1
1
0
0
1
1
0
0
0
1
2
1
0
1
0
0
0
1
0
0
0
0
0
1
0
1
0
0
0
1
1
0
0
0
0
2
1
0
0
0
1
0
0
0
0
0
0
0
1
0
1
0
0
1
0
1
0
0
0
0
1
0
0
1
0
1
0
1
0
0
2
0
0
0
0
1
1
0
0
0
0
1
0
0
0
0
0
1
0
0
0
0
1
0
0
0
0
0
0
0
0
0
0
0
0
0
1
0
0
0
1
1
0
0
0
0
0
1
0
0
0
0
0
1
1
0
1
1
0
0
1
0
0
1
2
0
1
0
1
0
1
3
0
0
0
0
1
0
0
0
0
0
1
0
0
0
0
0
1
2
0
1
0
1
0
1
0
0
0
0
2
0
1
0
0
0
0
0
0
2
0
0
1
0
0
0
0
0
0
0
1
0
0
0
0
1
1
0
1
0
1
0
0
0
1
1
1
1
0
0
0
0
0
0
2
1
1
0
1
0
2
0
0
1
2
0
1
0
1
1
0
0
0
1
1
0
0
0
1
0
1
0
0
0
0
1
0
0
0
0
0
0
2
0
0
0
0
0
1
0
0
1
1
0
0
0
0
1
1
0
1
1
1
1
0
0
1
1
1
0
0
0
1
0
1
2
0
0
1
0
1
0
0
0
0
0
1
0
0
0
0
0
0
0
0
0
0
0
1
0
0
0
1
1
1
1
0
1
2
0
0
0
0
0
1
0
0
0
1
1
0
1
0
0
2
1
0
0
0
0
0
0
2
0
1
0
0
0
0
0
0
0
0
0
0
0
0
0
0
0
0
0
4
0
1
0
1
0
0
0
0
1
0
0
0
0
0
0
0
0
0
2
0
0
1
2
0
0
0
0
0
0
0
0
0
0
2
0
0
0
0
1
0
1
1
0
1
0
1
0
0
0
0
0
0
2
0
2
0
0
0
0
1
1
0
1
2
0
2
0
1
0
0
0
0
1
0
0
0
1
2
1
0
1
0
0
0
0
0
0
1
0
0
0
2
0
1
1
0
0
0
0
0
0
0
0
1
0
0
1
0
0
0
0
1
0
1
1
1
0
1
1
1
0
1
0
0
0
1
0
0
0
0
0
0
0
0
0
0
0
1
0
0
0
0
0
0
1
0
1
0
1
1
0
1
1
0
1
0
0
0
1
0
0
0
1
1
2
0
1
1
1
0
0
0
0
0
0
0
0
0
2
0
1
1
0
1
1
1
1
0
0
1
0
0
0
1
0
0
0
1
0
0
0
0
0
0
0
0
0
0
0
1
0
0
0
0
0
0
1
0
0
0
0
0
0
0
2
1
1
0
0
0
1
0
1
0
0
0
2
0
0
0
0
1
0
1
1
0
0
0
2
0
0
0
1
1
1
0
0
1
0
0
0
0
0
0
0
2
1
0
1
0
1
0
1
0
0
0
1
1
0
0
1
2
1
0
0
2
0
0
0
1
1
0
2
0
1
1
1
0
0
0
1
0
0
0
0
1
1
0
0
0
0
2
0
0
0
0
1
2
0
2
0
0
1
1
0
0
0
1
1
0
0
0
0
2
0
0
0
0
0
0
2
3
0
1
0
1
0
1
1
0
0
1
1
1
0
1
0
0
0
0
0
1
0
1
0
1
2
0
0
0
1
0
0
1
0
0
1
0
1
1
0
0
1
1
1
0
0
0
1
1
0
1
0
1
0
0
0
2
0
2
0
0
0
0
0
0
3
1
1
1
2
1
0
0
0
1
1
0
2
0
0
0
0
0
0
2
2
0
2
1
1
1
1
0
2
1
0
0
0
0
2
1
0
0
0
0
0
0
1
0
0
0
1
1
1
1
0
0
1
0
0
0
1
1
1
1
1
0
0
0
2
1
1
0
0
0
1
0
0
1
2
2
0
2
0
0
1
0
0
1
1
0
0
0
4
0
0
1
0
0
1
0
2
1
0
0
0
1
1
3
1
1
1
0
0
1
0
0
0
0
0
1
0
0
2
0
1
1
0
1
2
0
2
0
0
0
0
1
3
0
1
0
1
1
1
0
0
0
0
1
0
0
1
0
1
1
1
1
1
0
0
1
2
1
1
1
0
0
0
0
0
0
1
1
2
0
1
1
2
0
0
2
3
1
0
1
3
1
0
1
1
1
0
1
0
2
2
1
0
1
0
2
1
1
0
1
1
0
1
1
0
1
1
0
3
0
0
1
0
1
0
0
1
1
1
0
0
0
4
1
1
0
0
0
1
0
1
0
2
1
1
0
1
1
1
1
1
1
3
1
0
3
0
1
0
0
0
1
0
0
1
1
0
0
0
1
0
0
0
0
0
2
1
0
0
1
2
1
2
0
2
0
1
0
1
0
0
1
0
2
0
0
2
2
0
1
1
0
1
0
0
1
1
1
0
1
0
0
0
0
0
1
0
1
1
0
2
0
0
0
1
0
0
0
0
2
0
0
0
0
1
1
0
0
0
1
0
0
2
1
1
4
1
1
1
0
0
0
0
1
0
0
2
0
0
0
1
0
2
1
0
1
1
1
0
0
0
1
3
3
2
1
1
0
0
0
3
0
0
0
0
2
0
0
0
1
2
1
2
1
0
0
2
1
1
1
0
1
2
2
3
0
1
1
0
1
1
2
1
1
0
1
1
1
1
0
2
0
0
0
0
2
0
1
1
0
2
2
1
1
2
0
0
0
0
0
0
0
0
1
0
0
1
1
0
3
0
0
1
1
1
0
0
1
3
0
3
1
1
0
0
0
1
1
1
0
1
0
0
1
2
1
3
0
1
0
0
1
0
0
0
0
0
0
1
1
2
0
0
1
2
1
1
2
4
1
3
1
1
1
0
1
0
0
2
0
0
1
1
1
0
0
1
0
0
1
2
1
0
0
1
2
1
5
2
3
1
2
0
0
0
1
0
0
1
0
1
0
1
1
2
3
0
1
4
1
0
0
0
1
2
2
1
1
2
1
0
1
0
1
0
0
0
1
1
5
0
0
0
0
1
2
0
1
1
2
0
1
4
0
0
1
1
0
5
0
2
1
1
1
0
1
0
0
0
0
1
0
1
1
0
0
1
0
3
1
0
1
3
2
1
1
1
0
1
4
0
1
0
1
2
0
0
0
2
0
0
1
1
0
0
2
1
1
0
0
0
0
1
2
0
0
0
1
0
0
0
2
0
1
1
1
1
1
1
1
1
0
0
2
2
0
2
0
0
1
0
0
1
1
1
2
1
2
1
2
0
0
1
0
3
1
0
0
0
2
0
0
2
2
2
0
2
3
1
0
0
0
0
1
0
2
3
0
0
0
2
2
1
0
1
1
1
4
1
1
1
0
1
1
1
0
2
0
1
1
2
1
1
0
0
0
1
0
2
1
0
1
2
0
2
0
2
0
0
0
0
0
0
1
1
1
1
2
0
0
0
1
0
1
0
1
0
0
0
0
1
1
2
0
1
0
0
0
2
0
1
0
0
1
1
1
1
1
1
1
1
2
0
0
0
5
0
0
1
1
1
1
2
1
1
3
0
0
0
0
1
1
0
1
3
0
0
1
0
0
0
0
2
0
2
1
2
0
3
1
1
0
1
2
0
1
0
0
0
0
1
1
1
1
1
1
1
0
0
1
0
1
1
1
0
1
1
0
1
2
1
2
0
0
0
0
1
1
1
0
0
0
1
1
1
1
2
0
0
1
0
2
0
0
1
1
0
0
3
1
0
1
0
2
0
3
2
1
0
1
1
1
0
1
1
1
2
0
0
2
1
1
0
1
0
0
2
0
2
3
2
2
2
2
0
0
1
1
2
2
1
0
1
0
3
0
1
0
1
0
1
0
0
1
1
2
0
0
1
2
1
2
0
2
2
1
1
0
2
0
0
2
1
1
0
0
2
1
1
0
2
0
2
0
2
0
0
0
0
1
0
3
0
0
1
1
1
3
1
3
1
1
0
0
1
3
1
1
0
1
0
2
0
3
1
0
2
0
1
1
1
1
2
3
1
1
2
2
0
3
1
2
0
3
1
2
1
0
0
0
0
1
1
2
0
1
0
0
1
3
2
1
1
1
1
0
1
0
1
1
1
0
1
2
0
1
1
1
0
1
3
2
0
1
0
1
1
3
3
0
1
1
1
2
1
1
1
1
0
1
2
2
0
0
0
3
2
2
1
0
0
0
0
1
2
0
0
0
2
1
0
1
0
0
0
1
1
1
0
1
0
0
2
0
1
0
1
1
0
1
1
2
1
2
1
1
0
2
0
1
1
1
1
2
0
3
0
0
0
0
0
0
0
0
2
1
0
0
0
1
1
1
0
2
0
3
1
0
1
3
3
0
1
0
1
0
1
1
0
2
0
2
2
0
1
0
0
2
3
0
1
1
2
1
0
1
2
1
0
1
1
1
0
3
0
1
0
0
1
0
1
1
2
0
0
0
2
1
1
1
1
1
0
1
0
0
2
0
0
1
1
1
1
0
1
2
0
0
1
0
1
0
1
0
0
1
0
0
0
0
0
1
1
2
1
1
2
0
1
0
2
0
0
0
0
1
0
0
0
0
0
0
1
0
0
0
1
0
0
2
0
0
0
2
0
0
1
0
0
1
0
2
0
3
2
0
2
1
0
1
1
1
0
1
1
0
1
1
1
0
1
2
0
1
2
0
1
0
0
0
0
1
2
0
0
2
1
2
1
1
0
1
0
1
2
2
4
3
0
0
2
1
2
1
0
1
1
1
0
2
0
0
1
0
0
1
2
0
0
2
0
1
2
0
1
2
0
0
2
1
0
0
1
1
2
0
1
0
1
1
1
0
0
0
0
0
0
1
1
1
0
0
1
0
0
1
1
0
0
1
0
0
2
1
2
0
0
1
1
0
0
0
0
0
1
1
1
1
0
1
1
0
1
2
1
1
2
2
1
0
0
0
0
0
2
0
2
1
0
1
0
0
0
1
2
0
0
0
1
3
0
0
1
1
0
2
0
0
0
0
3
0
0
2
0
2
0
1
0
0
1
1
0
0
0
0
3
1
1
0
1
0
0
1
0
0
2
1
0
0
2
2
1
1
2
1
1
0
0
0
1
0
1
2
1
0
0
0
0
1
2
0
3
0
0
2
0
0
3
1
2
1
1
1
1
1
1
2
0
2
2
0
0
0
1
0
1
2
0
1
2
0
0
1
0
1
0
1
2
1
0
0
0
0
0
0
0
2
0
1
1
0
0
1
0
0
1
0
0
0
2
0
2
0
3
1
0
0
1
1
0
0
2
0
1
0
1
0
1
0
1
3
1
2
0
0
0
0
0
1
0
1
1
1
1
1
2
0
3
1
0
1
1
1
0
0
0
2
1
0
2
0
0
1
0
3
1
0
1
1
1
1
0
1
0
1
0
1
0
2
1
1
4
1
1
1
0
0
0
1
1
1
0
1
1
0
0
1
0
1
1
1
0
0
0
0
1
0
0
0
0
0
0
2
1
1
1
0
0
2
0
1
1
0
0
1
1
1
1
1
0
0
2
0
0
0
0
2
1
0
2
1
0
0
2
1
0
0
2
0
1
2
1
2
2
3
0
0
1
3
1
1
1
1
1
0
3
2
0
0
1
0
0
0
0
0
1
1
0
0
1
0
1
0
0
0
0
2
0
1
1
0
1
1
0
1
0
0
1
0
2
0
1
1
1
0
0
0
0
0
0
1
0
0
0
0
1
0
2
0
1
0
0
1
2
0
1
0
0
0
1
0
0
0
1
0
0
0
0
0
0
3
1
0
0
1
1
0
1
1
0
1
0
0
0
0
1
1
1
1
0
0
1
0
0
1
1
3
0
0
0
2
0
0
0
1
2
0
1
1
0
0
2
0
0
1
0
1
0
0
0
0
0
0
0
0
1
0
1
1
1
0
0
2
0
1
1
0
1
1
1
0
2
0
1
2
1
1
0
0
0
1
0
0
0
0
0
0
1
0
2
0
1
0
0
0
1
1
0
1
1
1
0
0
0
2
1
0
0
0
1
1
1
0
0
0
0
1
0
0
1
0
0
3
0
0
0
0
0
0
1
1
0
1
1
2
3
1
1
1
0
0
1
0
1
2
0
3
0
0
0
1
0
1
1
1
3
0
1
0
1
0
0
4
1
0
1
0
0
0
0
0
3
0
2
2
0
0
2
0
1
0
0
0
0
0
1
0
1
1
1
0
2
0
1
1
1
0
0
0
0
0
0
1
2
1
0
0
0
0
1
0
1
1
1
1
0
1
1
2
0
0
0
0
2
0
0
2
0
2
0
0
0
1
0
3
0
0
0
1
0
2
0
0
0
0
0
2
0
0
0
0
0
0
1
0
0
1
1
1
0
0
0
0
1
0
0
1
1
1
1
0
0
0
0
2
1
0
0
0
1
0
0
0
0
0
1
1
0
0
0
0
1
2
0
1
0
0
0
0
0
0
0
0
1
0
0
0
0
1
0
0
0
0
1
2
0
0
2
0
0
0
0
1
1
1
1
1
1
0
0
1
0
1
0
1
0
1
0
1
1
1
0
0
0
2
2
0
1
0
1
1
0
0
1
0
0
0
2
0
1
1
0
0
0
0
0
1
0
0
1
0
1
1
0
0
0
0
1
0
0
0
0
0
1
0
0
0
0
2
3
1
1
1
0
1
0
0
0
0
0
0
0
1
0
1
0
0
0
0
1
0
1
0
1
1
0
1
0
0
1
2
0
0
0
0
1
1
0
0
0
1
1
0
1
0
0
0
2
0
0
1
0
0
0
0
0
0
0
1
0
0
0
0
0
0
0
0
0
1
0
1
1
1
0
0
0
1
2
0
2
0
1
0
0
0
1
1
1
0
1
1
2
0
1
0
1
0
1
1
0
0
0
0
0
0
1
1
0
2
0
0
1
0
0
0
0
0
0
0
0
1
2
0
0
0
0
0
0
0
1
0
0
0
0
0
0
0
1
0
0
2
0
0
0
0
0
0
0
0
0
1
0
0
0
0
1
0
0
0
1
0
0
0
1
0
1
0
0
0
0
0
0
0
0
0
0
0
0
0
1
0
0
0
1
1
1
0
0
0
0
0
0
0
1
0
0
2
0
0
0
1
0
0
0
0
0
1
0
2
0
0
1
1
0
0
0
0
1
0
0
0
0
0
0
2
0
1
1
0
2
0
0
0
0
0
0
0
1
0
0
0
1
0
0
1
0
1
0
2
1
0
0
0
1
0
0
0
0
1
0
0
0
0
2
0
0
0
0
0
1
0
0
1
1
0
1
2
1
1
0
0
0
0
1
0
1
0
0
0
0
0
0
0
0
0
0
0
0
0
0
0
1
1
0
1
0
1
0
2
0
0
0
0
0
2
0
0
0
0
0
0
0
1
1
0
0
0
1
1
0
0
1
0
1
0
0
0
0
0
0
0
0
1
0
0
0
0
2
0
0
1
0
2
0
0
0
0
0
1
1
0
1
0
1
0
0
1
2
0
0
0
1
0
0
0
0
0
0
0
0
0
1
0
1
0
0
2
0
0
0
0
0
0
1
0
1
0
0
1
0
0
1
1
0
0
0
1
0
1
0
1
1
0
0
0
1
1
0
1
0
1
0
0
0
0
0
0
0
0
1
0
0
0
0
0
1
0
0
1
0
1
1
0
1
0
0
0
1
0
0
0
0
1
0
0
1
0
0
1
0
0
0
0
0
0
0
0
1
1
0
0
0
1
0
0
0
0
0
1
0
0
0
0
0
0
0
1
0
0
0
1
1
1
0
0
0
0
0
0
1
0
0
0
1
0
0
0
1
0
1
0
1
0
0
0
1
0
0
0
0
0
0
2
2
1
2
0
0
0
0
1
0
0
1
1
0
0
1
1
1
0
0
0
0
0
0
0
0
0
0
0
0
0
1
0
0
0
1
1
0
0
1
0
0
0
0
1
2
0
1
2
0
1
1
1
0
0
0
1
0
0
0
0
0
0
0
1
0
0
1
0
0
1
0
0
0
0
0
0
0
0
2
0
0
0
0
1
0
0
0
0
0
1
1
1
0
2
0
0
3
1
0
0
2
1
1
0
0
0
0
0
1
1
0
2
0
0
0
0
0
0
0
1
0
1
1
0
0
0
0
0
0
0
1
0
1
0
0
0
1
0
1
0
0
1
0
1
0
0
0
0
1
1
1
0
0
0
0
0
0
0
0
1
0
2
0
0
0
0
0
0
0
0
1
0
0
0
0
0
0
0
0
0
0
0
1
0
0
0
0
1
0
0
1
1
0
0
1
1
0
0
0
1
0
0
1
0
0
0
0
0
0
0
0
0
0
1
0
1
1
1
0
0
1
0
0
0
0
0
1
1
0
0
0
0
1
0
0
0
0
0
0
0
1
1
1
0
0
0
0
0
0
1
0
0
1
0
0
0
0
0
0
0
0
0
0
0
1
0
0
1
0
0
1
0
0
0
0
0
0
0
1
0
1
0
0
0
1
1
0
0
1
0
0
2
0
1
0
0
0
0
1
0
0
1
0
0
0
0
0
0
0
0
0
0
0
0
0
0
0
0
0
0
0
0
0
2
1
1
0
0
1
0
0
1
0
0
0
0
0
0
0
0
1
0
0
0
0
1
1
0
0
0
0
0
0
0
0
0
1
0
0
0
1
1
1
1
0
0
0
0
0
2
0
0
0
0
0
0
0
0
0
0
1
0
1
1
0
0
1
0
0
0
1
0
0
0
1
1
0
0
0
1
0
0
2
0
0
1
0
1
0
0
0
1
0
0
0
0
0
1
0
0
0
0
0
0
0
1
0
0
0
0
0
1
0
0
0
0
0
0
0
0
0
0
0
0
0
0
0
1
0
0
0
0
2
1
1
0
0
0
0
0
1
0
0
1
0
0
0
0
1
0
0
0
0
1
1
0
0
0
1
1
0
0
0
0
0
0
0
0
0
0
0
0
0
0
1
0
0
0
1
0
1
0
0
0
0
1
0
0
0
0
0
0
0
0
0
0
0
2
0
1
1
0
1
0
0
0
1
0
0
0
0
0
1
0
0
0
0
0
0
0
0
0
0
0
0
0
0
0
0
0
0
0
0
0
0
0
0
0
0
0
0
0
0
0
0
0
0
1
0
0
0
0
0
1
0
0
1
0
0
0
0
0
0
0
0
0
0
0
1
0
0
0
1
0
0
1
0
0
0
0
0
0
1
0
0
2
0
0
0
0
2
0
0
1
0
1
0
1
0
1
0
0
1
1
0
0
0
1
0
0
0
0
0
1
0
0
0
1
0
0
0
0
1
0
0
1
0
0
0
0
0
1
0
1
0
0
0
0
0
0
0
0
0
0
0
0
2
1
0
0
0
0
0
0
0
0
1
0
0
0
1
0
1
0
0
1
0
1
0
0
1
0
1
0
1
0
0
0
0
0
0
0
0
0
0
0
0
0
0
0
0
1
0
0
0
0
1
0
0
0
0
0
0
0
0
0
0
0
0
0
0
0
0
0
0
0
0
0
1
0
2
0
0
0
0
0
1
1
0
0
0
0
2
0
1
0
1
0
0
0
0
0
0
0
0
0
0
0
0
0
0
0
1
0
0
1
0
1
2
0
1
0
0
1
0
1
0
0
0
0
0
0
0
1
0
0
0
0
0
0
0
0
0
0
0
0
0
0
0
0
0
0
0
0
0
0
0
0
0
0
1
0
0
0
0
0
0
0
0
0
0
1
0
0
0
0
0
0
2
0
0
1
0
0
0
0
0
0
1
0
0
0
0
0
1
0
0
0
1
1
0
0
0
0
0
0
0
0
0
0
0
0
0
0
0
0
0
0
1
0
0
0
1
0
1
0
0
0
0
0
0
0
0
0
0
0
0
0
0
0
0
0
0
0
0
0
0
0
1
0
0
1
0
0
1
0
0
1
1
0
1
0
0
1
0
0
0
0
0
0
0
1
0
0
1
0
0
0
0
0
0
0
1
0
0
0
0
0
0
0
0
0
0
0
0
0
0
0
2
0
1
0
0
0
0
0
0
0
0
0
1
0
0
1
0
0
0
0
0
1
0
0
0
0
0
1
0
0
0
0
0
0
0
1
0
1
0
0
0
0
1
0
1
0
0
0
0
0
0
0
0
0
0
0
0
0
1
0
0
0
0
0
0
0
0
0
0
0
0
0
0
0
1
0
0
0
0
1
0
0
0
0
1
0
0
0
0
0
1
1
0
0
0
0
0
0
0
0
0
0
0
0
0
0
0
0
0
0
0
0
0
0
1
1
0
1
0
0
0
0
0
1
1
0
0
0
1
0
1
0
0
0
0
0
1
0
0
0
0
0
0
0
0
0
0
0
0
0
1
1
0
0
0
0
0
0
0
0
0
0
0
0
1
0
1
0
0
0
1
0
0
1
0
0
0
0
0
1
0
0
0
0
0
0
0
1
0
0
0
0
0
0
0
0
0
0
1
0
0
0
0
0
0
0
0
0
0
0
0
0
0
0
0
1
0
1
0
0
0
0
0
0
0
0
0
0
0
0
0
0
0
0
0
0
0
0
0
0
0
0
0
0
0
0
0
0
0
0
0
0
0
0
1
0
0
0
0
0
0
1
0
0
0
1
0
0
0
0
0
1
0
1
0
0
0
0
0
0
0
0
0
0
0
0
0
0
1
0
0
0
0
2
0
0
0
0
0
0
0
0
0
0
0
1
0
0
0
0
0
1
0
1
1
0
0
0
0
0
1
0
0
0
0
0
0
1
0
0
1
0
0
0
0
0
0
0
0
0
0
0
0
0
0
0
0
0
0
0
0
0
0
0
0
0
1
0
0
0
0
0
0
0
0
0
0
0
0
0
0
0
0
0
1
0
0
0
0
0
0
1
0
1
1
0
0
0
0
0
0
0
1
0
0
0
0
2
0
0
0
0
0
0
0
0
0
0
0
0
0
1
0
1
0
0
0
0
1
0
0
1
1
0
0
0
0
1
0
0
0
0
0
0
0
0
0
0
0
0
0
1
0
0
0
0
0
0
0
0
0
0
0
0
0
0
0
1
0
1
0
0
1
0
0
0
0
0
0
0
0
0
0
0
0
0
0
0
0
0
0
0
0
0
0
0
0
1
0
0
0
0
0
0
1
0
0
0
0
0
0
1
0
1
0
0
0
0
0
0
1
0
1
0
0
0
0
0
0
0
0
0
0
0
0
1
0
0
0
0
0
0
0
1
0
1
0
0
0
1
0
0
0
0
0
0
0
0
0
0
0
0
0
0
1
0
0
0
0
0
0
1
0
0
0
0
0
0
0
0
1
1
0
0
0
0
0
1
0
0
0
0
0
0
0
0
0
0
0
0
0
0
0
0
0
1
0
0
0
0
0
0
0
0
1
1
0
0
0
0
0
0
0
0
0
0
0
0
0
0
0
0
0
0
0
0
0
0
0
0
0
0
0
0
0
1
0
0
0
0
0
0
1
0
0
0
0
1
0
0
0
1
0
0
0
0
0
0
0
1
0
1
0
0
0
0
0
0
0
0
0
0
0
0
0
1
0
0
0
0
0
0
0
0
1
0
0
0
0
0
0
1
0
0
1
0
0
0
0
0
0
0
0
0
1
0
0
0
0
0
0
0
0
0
0
0
0
0
0
0
0
0
0
0
0
0
0
0
0
0
0
1
0
1
0
0
0
0
1
0
0
0
0
0
0
0
0
0
0
0
0
0
0
0
0
0
0
0
0
0
0
1
1
0
0
1
0
0
0
0
0
1
0
0
0
0
0
0
0
0
0
0
0
0
0
1
0
0
0
0
0
0
0
0
1
0
0
0
0
0
0
0
0
0
0
0
1
0
0
0
0
0
0
0
0
0
0
0
1
0
0
0
0
0
0
0
1
0
0
0
0
0
0
0
0
0
0
0
0
0
1
0
0
0
1
0
0
0
0
1
0
0
0
0
0
0
0
0
0
0
1
0
0
0
0
0
0
0
0
0
0
0
0
0
0
0
0
0
0
0
0
0
0
0
0
0
0
0
0
0
0
0
0
0
1
0
0
0
0
0
0
0
0
0
0
0
0
1
0
0
0
0
0
0
0
0
0
0
0
0
0
1
0
0
0
0
0
1
0
0
0
0
0
0
0
0
0
0
0
0
0
0
0
0
0
0
0
0
0
0
1
0
0
0
0
0
0
1
0
0
0
0
0
0
0
0
0
0
0
0
0
1
0
0
0
0
0
0
0
0
0
0
0
0
0
0
1
0
0
0
0
0
0
0
0
0
0
0
0
0
0
0
0
0
0
0
0
0
0
0
0
0
0
0
0
0
0
0
0
0
0
0
0
0
1
0
0
0
0
0
0
0
0
0
0
0
0
0
0
0
1
0
0
0
0
0
1
0
0
0
0
0
0
0
0
0
0
0
0
0
0
0
1
1
0
1
0
0
0
0
0
0
0
0
0
0
0
0
0
0
0
0
0
0
0
0
1
0
0
0
0
1
0
0
0
0
0
0
0
0
0
0
0
0
0
0
0
0
0
0
1
0
0
0
0
0
1
0
0
0
0
0
0
1
0
0
0
0
0
0
0
0
1
0
0
0
0
0
0
0
0
0
0
1
1
0
1
0
0
0
0
0
0
0
0
0
0
0
0
0
0
0
0
0
0
0
0
0
0
0
0
0
0
0
0
0
0
0
0
0
0
0
0
0
0
0
0
0
0
0
1
0
0
0
0
0
